runFilename
csv/uep010_run5.csv
csv/uep010_run6.csv
csv/uep010_run7.csv
csv/uep010_run8.csv
