blockFilename
csv/uepP005_run5_block1.csv
csv/uepP005_run5_block2.csv
csv/uepP005_run5_block3.csv
csv/uepP005_run5_block4.csv
